{
 "cells": [
  {
   "cell_type": "code",
   "execution_count": 12,
   "metadata": {},
   "outputs": [],
   "source": [
    "%matplotlib inline\n",
    "\n",
    "# path hack for relative import in jupyter notebook\n",
    "import os\n",
    "import sys\n",
    "\n",
    "# LIBRARY GLOBAL MODS\n",
    "CELLTYPES = os.path.dirname(os.path.abspath(''))\n",
    "sys.path.append(CELLTYPES)"
   ]
  },
  {
   "cell_type": "code",
   "execution_count": 13,
   "metadata": {},
   "outputs": [],
   "source": [
    "import numpy as np\n",
    "from sklearn.datasets import load_digits\n",
    "from sklearn.model_selection import train_test_split\n",
    "from sklearn.preprocessing import StandardScaler\n",
    "import matplotlib.pyplot as plt\n",
    "import seaborn as sns\n",
    "import pickle\n",
    "import pandas as pd\n",
    "import umap\n",
    "import time\n",
    "\n",
    "sns.set(style='white', context='notebook', rc={'figure.figsize':(14,10)})\n",
    "\n",
    "from utils.file_io import RUNS_FOLDER\n",
    "\n",
    "outdir = RUNS_FOLDER + os.sep + 'explore' + os.sep + 'umap'"
   ]
  },
  {
   "cell_type": "markdown",
   "metadata": {},
   "source": [
    "## Local utils"
   ]
  },
  {
   "cell_type": "code",
   "execution_count": 14,
   "metadata": {},
   "outputs": [],
   "source": [
    "from multicell.unsupervised_helper import \\\n",
    "    plotly_express_embedding, generate_control_data, plot_given_multicell, make_dimreduce_object\n",
    "\n",
    "from singlecell.singlecell_linalg import sorted_eig"
   ]
  },
  {
   "cell_type": "markdown",
   "metadata": {},
   "source": [
    "## Single umap"
   ]
  },
  {
   "cell_type": "code",
   "execution_count": 15,
   "metadata": {},
   "outputs": [],
   "source": [
    "# these set the defaults for modifications introduced in main\n",
    "REDUCER_SEED = 0\n",
    "REDUCER_COMPONENTS = 3\n",
    "VALID_REDUCERS = ['umap', 'tsne', 'pca']\n",
    "REDUCERS_TO_USE = ['umap']\n",
    "assert REDUCERS_TO_USE == ['umap']  # for now, extend later\n",
    "\n",
    "# see defaults: https://umap-learn.readthedocs.io/en/latest/api.html\n",
    "UMAP_KWARGS = {\n",
    "    'random_state': REDUCER_SEED,\n",
    "    'n_components': REDUCER_COMPONENTS,\n",
    "    'metric': 'euclidean',\n",
    "    'init': 'spectral',\n",
    "    'unique': False,\n",
    "    'n_neighbors': 15,\n",
    "    'min_dist': 0.1,\n",
    "    'spread': 1.0,\n",
    "}\n",
    "TSNE_KWARGS = {\n",
    "    'random_state': REDUCER_SEED,\n",
    "    'n_components': REDUCER_COMPONENTS,\n",
    "    'metric': 'euclidean',\n",
    "    'init': 'random',\n",
    "    'perplexity': 30.0,\n",
    "}\n",
    "PCA_KWARGS = {\n",
    "    'n_components': REDUCER_COMPONENTS,\n",
    "}"
   ]
  },
  {
   "cell_type": "markdown",
   "metadata": {},
   "source": [
    "### 0) Dataset path"
   ]
  },
  {
   "cell_type": "code",
   "execution_count": 119,
   "metadata": {},
   "outputs": [],
   "source": [
    "# 0) load dataset\n",
    "gamma = 1.0\n",
    "#manyruns_dirname = 'Wmaze15_gamma%.2f_10k_p3_M100' % gamma\n",
    "#manyruns_dirname = 'Wrandom0_gamma%.2f_10k_periodic_fixedorderV3_p3_M100' % gamma\n",
    "manyruns_dirname = 'Wvary_s0randomInit_gamma%.2f_10k_periodic_fixedorderV3_p3_M100' % gamma\n",
    "manyruns_path = RUNS_FOLDER + os.sep + 'multicell_manyruns' + os.sep + manyruns_dirname\n",
    "    \n",
    "# Step 0) load data\n",
    "data_subdict = {'label': manyruns_dirname,\n",
    "                'path': manyruns_path}"
   ]
  },
  {
   "cell_type": "markdown",
   "metadata": {},
   "source": [
    "### 1) DImension reduction (store in data_subdict object)"
   ]
  },
  {
   "cell_type": "code",
   "execution_count": null,
   "metadata": {},
   "outputs": [
    {
     "name": "stdout",
     "output_type": "stream",
     "text": [
      "I:\\Development\\Repositories\\biomodels\\celltypes\\runs\\multicell_manyruns\\Wvary_s0randomInit_gamma1.00_10k_periodic_fixedorderV3_p3_M100\\aggregate\\X_aggregate_last.npz\n",
      "(10000, 900)\n"
     ]
    }
   ],
   "source": [
    "use_01 = True\n",
    "nsubsample = None\n",
    "\n",
    "# 1) fill out data_subdict (dim reduce)\n",
    "data_subdict = make_dimreduce_object(\n",
    "    data_subdict, \n",
    "    nsubsample=nsubsample, \n",
    "    flag_control=False,\n",
    "    use_01=use_01, \n",
    "    jitter_scale=0.0,\n",
    "    reducers=REDUCERS_TO_USE,\n",
    "    umap_kwargs=UMAP_KWARGS, tsne_kwargs=TSNE_KWARGS, pca_kwargs=PCA_KWARGS,\n",
    "    step=None)\n",
    "#save_dimreduce_object(datasets[idx], fpath)  # save to file (joblib)"
   ]
  },
  {
   "cell_type": "code",
   "execution_count": null,
   "metadata": {},
   "outputs": [],
   "source": [
    "print(data_subdict.keys())\n",
    "print(data_subdict['algos']['umap'].keys())\n",
    "print(data_subdict['algos']['umap']['embedding'].shape)"
   ]
  },
  {
   "cell_type": "markdown",
   "metadata": {},
   "source": [
    "### 2) Visualize umap"
   ]
  },
  {
   "cell_type": "code",
   "execution_count": null,
   "metadata": {},
   "outputs": [],
   "source": [
    "# 2) visualize data_subdict\n",
    "plotly_express_embedding(data_subdict, \n",
    "                         color_by_index=False, \n",
    "                         as_landscape=False, \n",
    "                         fmod='jupyter', \n",
    "                         show=False, \n",
    "                         dirpath=outdir, \n",
    "                         surf=False, \n",
    "                         step=None)"
   ]
  },
  {
   "cell_type": "markdown",
   "metadata": {},
   "source": [
    "# Clustering and plotting of sample points"
   ]
  },
  {
   "cell_type": "code",
   "execution_count": null,
   "metadata": {},
   "outputs": [],
   "source": [
    "from sklearn.cluster import KMeans\n",
    "\n",
    "\"\"\"\n",
    "NOTES:\n",
    "- kmeans.labels_ will return [cluster_7, cluster_5, ..., cluster_0] -- cluster id for each data point\n",
    "- also have: kmeans.predict([[0, 0], [12, 3]])\n",
    "- also have: kmeans.cluster_centers_\n",
    "\"\"\"\n",
    "\n",
    "#kmeans_highdim = KMeans(n_clusters=8, random_state=0).fit(X)\n",
    "N_CLUSTERS = 30\n",
    "CLUSTER_COLOURS = {i: 'blue' for i in range(N_CLUSTERS)}  # TODO implement, currently unused\n",
    "assert N_CLUSTERS <= len(CLUSTER_COLOURS.keys())\n",
    "\n",
    "kmeans_lowdim = KMeans(n_clusters=N_CLUSTERS, random_state=0).fit(data_subdict['algos']['umap']['embedding'])\n",
    "\n",
    "def cluster_to_colour(a):\n",
    "    return CLUSTER_COLOURS[a]"
   ]
  },
  {
   "cell_type": "code",
   "execution_count": null,
   "metadata": {},
   "outputs": [],
   "source": [
    "kmeans_labels = kmeans_lowdim.labels_ \n",
    "color_vector = [cluster_to_colour(a) for a in kmeans_labels]  # TODO currently unused\n",
    "\n",
    "clusterdata = {'color_vector': color_vector, \n",
    "               'cluster_ids': kmeans_labels,\n",
    "               'order': [str(a) for a in range(N_CLUSTERS)],\n",
    "               'cluster_to_idx': {a: np.where(kmeans_labels == a)[0] for a in range(N_CLUSTERS)}\n",
    "               }"
   ]
  },
  {
   "cell_type": "markdown",
   "metadata": {},
   "source": [
    "## Embedding with colour by cluster"
   ]
  },
  {
   "cell_type": "code",
   "execution_count": null,
   "metadata": {},
   "outputs": [],
   "source": [
    "plotly_express_embedding(data_subdict, \n",
    "                         color_by_index=False, \n",
    "                         as_landscape=False, \n",
    "                         fmod='jupyter', \n",
    "                         show=False, \n",
    "                         dirpath=outdir, \n",
    "                         surf=False, \n",
    "                         step=None,\n",
    "                         clusterstyle=clusterdata)"
   ]
  },
  {
   "cell_type": "markdown",
   "metadata": {},
   "source": [
    "## Plot individual points from the clustering"
   ]
  },
  {
   "cell_type": "code",
   "execution_count": null,
   "metadata": {},
   "outputs": [],
   "source": [
    "from multicell.multicell_replot import \\\n",
    "    replot_graph_lattice_reference_overlap_plotter, replot_modern, replot_scatter_dots\n",
    "\n",
    "def plot_tissue_given_agg_idx(agg_index, fmod, outdir, state_int=False):\n",
    "    \n",
    "    # TODO do we need to load the varying simsetup_W in each dir of manyruns?\n",
    "    fpath_pickle = manyruns_path + os.sep + 'multicell_template.pkl'\n",
    "    with open(fpath_pickle, 'rb') as pickle_file:\n",
    "        multicell = pickle.load(pickle_file)  # unpickling multicell object\n",
    "\n",
    "    # update W as it may vary across agg indices of manyruns\n",
    "    # =======================================================================\n",
    "    # TODO: does manyruns/s0 correspond to agg0 in manyruns/aggregate\n",
    "    # =======================================================================\n",
    "    agg_datadir = manyruns_path + os.sep + 's%d' % agg_index\n",
    "    W_LOAD = np.loadtxt(agg_datadir + os.sep + 'simsetup' + os.sep + 'matrix_W.txt', delimiter=',')\n",
    "    print(W_LOAD)\n",
    "    multicell.matrix_W = W_LOAD\n",
    "    multicell.simsetup['FIELD_SEND'] = W_LOAD\n",
    "    \n",
    "    # constants\n",
    "    num_cells = multicell.num_cells\n",
    "    simsetup = multicell.simsetup\n",
    "    sidelength = int(np.sqrt(num_cells)); assert sidelength ** 2 == num_cells\n",
    "    \n",
    "    #smod = ''\n",
    "    smod = '_last'\n",
    "    #if step is not None:\n",
    "    #    smod = '_%d' % step\n",
    "\n",
    "    agg_dir = manyruns_path + os.sep + 'aggregate'\n",
    "    fpath_state = agg_dir + os.sep + 'X_aggregate%s.npz' % smod\n",
    "    fpath_energy = agg_dir + os.sep + 'X_energy%s.npz' % smod\n",
    "    fpath_pickle = manyruns_path + os.sep + 'multicell_template.pkl'\n",
    "    print(fpath_state)\n",
    "    X = np.load(fpath_state)['arr_0'].T  # umap wants transpose\n",
    "    X_state = X[agg_index, :]\n",
    "    print(X_state.shape)\n",
    "\n",
    "    # plot option 2) using replot\n",
    "    X_state = X_state.reshape(num_cells, simsetup['N'])\n",
    "    \n",
    "    #outpath_ref = outdir + os.sep + 'agg%d_ref0' % agg_index\n",
    "    #replot_graph_lattice_reference_overlap_plotter(\n",
    "    #    X_state.T, sidelength, outpath_ref, fmod=fmod, ref_node=0)\n",
    "\n",
    "    outpath = outdir + os.sep + 'agg%d_modern' % agg_index\n",
    "    replot_modern(X_state.T, simsetup, sidelength, outpath,\n",
    "                  version='3', fmod=fmod, state_int=state_int)\n",
    "\n",
    "    outpath = outdir + os.sep + 'agg%d_scatter' % agg_index\n",
    "    replot_scatter_dots(X_state.T, simsetup, sidelength, outpath,\n",
    "                        fmod=fmod, state_int=state_int)\n",
    "    return        "
   ]
  },
  {
   "cell_type": "code",
   "execution_count": 118,
   "metadata": {},
   "outputs": [
    {
     "name": "stdout",
     "output_type": "stream",
     "text": [
      "[ 1 24  0 ...  0 27  4]\n",
      "[10.555836   3.1789017  6.3717284]\n",
      "2\n",
      "plotting cluster 0, example 0 (agg 2)\n",
      "[[-0.128  -0.4663  0.6931 -0.7861  0.5873 -0.1449 -0.1874 -0.6615 -0.4805]\n",
      " [-0.4663  0.2423 -0.8407 -0.5594  0.16   -0.1265 -0.9456 -0.414  -0.2262]\n",
      " [ 0.6931 -0.8407  0.0105 -0.3003 -0.6754  0.5531 -0.5056  0.0481  0.664 ]\n",
      " [-0.7861 -0.5594 -0.3003 -0.0644  0.4015  0.0712 -0.8657 -0.2868  0.4735]\n",
      " [ 0.5873  0.16   -0.6754  0.4015  0.9291  0.9075  0.9877 -0.9086 -0.2416]\n",
      " [-0.1449 -0.1265  0.5531  0.0712  0.9075  0.0884  0.9412  0.9663 -0.974 ]\n",
      " [-0.1874 -0.9456 -0.5056 -0.8657  0.9877  0.9412  0.6005 -0.1173  0.5948]\n",
      " [-0.6615 -0.414   0.0481 -0.2868 -0.9086  0.9663 -0.1173  0.008  -0.4612]\n",
      " [-0.4805 -0.2262  0.664   0.4735 -0.2416 -0.974   0.5948 -0.4612  0.1654]]\n",
      "I:\\Development\\Repositories\\biomodels\\celltypes\\runs\\multicell_manyruns\\Wvary_dualInit_gamma1.00_10k_periodic_fixedorderV3_p3_M100\\aggregate\\X_aggregate_last.npz\n",
      "(900,)\n",
      "17\n",
      "plotting cluster 0, example 1 (agg 17)\n",
      "[[-0.4107 -0.2844 -0.0329 -0.8895  0.3535  0.4872  0.0413 -0.8333 -0.379 ]\n",
      " [-0.2844  0.8914 -0.434   0.4361 -0.7631  0.7755 -0.0143  0.7677  0.4313]\n",
      " [-0.0329 -0.434  -0.4045 -0.4154 -0.11   -0.7321 -0.7391 -0.9686 -0.8345]\n",
      " [-0.8895  0.4361 -0.4154 -0.6025  0.776   0.5539  0.9688  0.5912  0.351 ]\n",
      " [ 0.3535 -0.7631 -0.11    0.776   0.5945  0.676  -0.8686  0.5364  0.717 ]\n",
      " [ 0.4872  0.7755 -0.7321  0.5539  0.676   0.6586  0.1586  0.7441  0.3858]\n",
      " [ 0.0413 -0.0143 -0.7391  0.9688 -0.8686  0.1586  0.1615  0.8322  0.5702]\n",
      " [-0.8333  0.7677 -0.9686  0.5912  0.5364  0.7441  0.8322 -0.4524 -0.2934]\n",
      " [-0.379   0.4313 -0.8345  0.351   0.717   0.3858  0.5702 -0.2934 -0.5596]]\n",
      "I:\\Development\\Repositories\\biomodels\\celltypes\\runs\\multicell_manyruns\\Wvary_dualInit_gamma1.00_10k_periodic_fixedorderV3_p3_M100\\aggregate\\X_aggregate_last.npz\n",
      "(900,)\n",
      "0\n",
      "plotting cluster 1, example 0 (agg 0)\n",
      "[[ 0.0976 -0.2331  0.5563  0.8893  0.2242  0.3413 -0.5822 -0.7236  0.9535]\n",
      " [-0.2331  0.5835  0.74    0.0437  0.2339 -0.5792 -0.6774 -0.6068  0.2097]\n",
      " [ 0.5563  0.74    0.9572 -0.1707  0.8875 -0.7421  0.3062 -0.2625  0.4785]\n",
      " [ 0.8893  0.0437 -0.1707 -0.4709  0.3636 -0.3691 -0.4934  0.642  -0.9216]\n",
      " [ 0.2242  0.2339  0.8875  0.3636 -0.281  -0.2726 -0.0674 -0.8058 -0.4344]\n",
      " [ 0.3413 -0.5792 -0.7421 -0.3691 -0.2726  0.1404 -0.5111  0.6759 -0.7596]\n",
      " [-0.5822 -0.6774  0.3062 -0.4934 -0.0674 -0.5111 -0.6821 -0.8078 -0.4077]\n",
      " [-0.7236 -0.6068 -0.2625  0.642  -0.8058  0.6759 -0.8078  0.9529 -0.7625]\n",
      " [ 0.9535  0.2097  0.4785 -0.9216 -0.4344 -0.7596 -0.4077 -0.7625 -0.364 ]]\n",
      "I:\\Development\\Repositories\\biomodels\\celltypes\\runs\\multicell_manyruns\\Wvary_dualInit_gamma1.00_10k_periodic_fixedorderV3_p3_M100\\aggregate\\X_aggregate_last.npz\n",
      "(900,)\n",
      "9\n",
      "plotting cluster 1, example 1 (agg 9)\n",
      "[[-0.9793 -0.309   0.0957 -0.6607  0.8126 -0.6253 -0.9229 -0.4665 -0.5715]\n",
      " [-0.309  -0.6664  0.4049  0.0422  0.5166  0.3753 -0.6609  0.819  -0.5667]\n",
      " [ 0.0957  0.4049 -0.227   0.891  -0.3062  0.4071  0.5891 -0.9543 -0.5354]\n",
      " [-0.6607  0.0422  0.891   0.2991 -0.0729  0.8504 -0.6748 -0.2498  0.4582]\n",
      " [ 0.8126  0.5166 -0.3062 -0.0729  0.2211 -0.9211 -0.7225 -0.6007 -0.1682]\n",
      " [-0.6253  0.3753  0.4071  0.8504 -0.9211  0.2942 -0.2942 -0.3144  0.1678]\n",
      " [-0.9229 -0.6609  0.5891 -0.6748 -0.7225 -0.2942 -0.031  -0.1118 -0.0113]\n",
      " [-0.4665  0.819  -0.9543 -0.2498 -0.6007 -0.3144 -0.1118 -0.0037 -0.1399]\n",
      " [-0.5715 -0.5667 -0.5354  0.4582 -0.1682  0.1678 -0.0113 -0.1399  0.4695]]\n",
      "I:\\Development\\Repositories\\biomodels\\celltypes\\runs\\multicell_manyruns\\Wvary_dualInit_gamma1.00_10k_periodic_fixedorderV3_p3_M100\\aggregate\\X_aggregate_last.npz\n",
      "(900,)\n",
      "83\n",
      "plotting cluster 2, example 0 (agg 83)\n",
      "[[-0.4859 -0.4118 -0.3107 -0.5749  0.9942  0.793  -0.3854  0.1241 -0.7094]\n",
      " [-0.4118  0.148   0.8317  0.4764 -0.6383  0.0955 -0.0155  0.7454  0.724 ]\n",
      " [-0.3107  0.8317 -0.6251 -0.3063 -0.7215  0.5129 -0.2285 -0.9486  0.7838]\n",
      " [-0.5749  0.4764 -0.3063 -0.3502  0.4209  0.2459 -0.0331 -0.3303  0.0408]\n",
      " [ 0.9942 -0.6383 -0.7215  0.4209  0.314  -0.5858 -0.7083 -0.9711  0.6298]\n",
      " [ 0.793   0.0955  0.5129  0.2459 -0.5858  0.7407 -0.5031  0.1256  0.0188]\n",
      " [-0.3854 -0.0155 -0.2285 -0.0331 -0.7083 -0.5031  0.794  -0.6031 -0.9443]\n",
      " [ 0.1241  0.7454 -0.9486 -0.3303 -0.9711  0.1256 -0.6031 -0.7602 -0.5737]\n",
      " [-0.7094  0.724   0.7838  0.0408  0.6298  0.0188 -0.9443 -0.5737 -0.0155]]\n",
      "I:\\Development\\Repositories\\biomodels\\celltypes\\runs\\multicell_manyruns\\Wvary_dualInit_gamma1.00_10k_periodic_fixedorderV3_p3_M100\\aggregate\\X_aggregate_last.npz\n",
      "(900,)\n",
      "144\n",
      "plotting cluster 2, example 1 (agg 144)\n",
      "[[-0.8133 -0.4097 -0.1736 -0.7999 -0.6461 -0.7117  0.131  -0.6976  0.596 ]\n",
      " [-0.4097  0.1829  0.0952  0.6244  0.4569 -0.3094  0.2412 -0.9993  0.0907]\n",
      " [-0.1736  0.0952  0.972   0.315  -0.0398  0.2765 -0.209  -0.061   0.752 ]\n",
      " [-0.7999  0.6244  0.315  -0.0519  0.8504 -0.7586 -0.2607 -0.0944  0.1935]\n",
      " [-0.6461  0.4569 -0.0398  0.8504  0.8448  0.9605 -0.1802 -0.8444  0.8463]\n",
      " [-0.7117 -0.3094  0.2765 -0.7586  0.9605 -0.6801 -0.2612 -0.6895 -0.034 ]\n",
      " [ 0.131   0.2412 -0.209  -0.2607 -0.1802 -0.2612 -0.8283 -0.6596  0.2681]\n",
      " [-0.6976 -0.9993 -0.061  -0.0944 -0.8444 -0.6895 -0.6596 -0.4329 -0.7976]\n",
      " [ 0.596   0.0907  0.752   0.1935  0.8463 -0.034   0.2681 -0.7976 -0.963 ]]\n",
      "I:\\Development\\Repositories\\biomodels\\celltypes\\runs\\multicell_manyruns\\Wvary_dualInit_gamma1.00_10k_periodic_fixedorderV3_p3_M100\\aggregate\\X_aggregate_last.npz\n",
      "(900,)\n",
      "4\n",
      "plotting cluster 3, example 0 (agg 4)\n",
      "[[ 0.9341 -0.1304 -0.9117 -0.6641  0.0488  0.0051 -0.0044  0.1443  0.0295]\n",
      " [-0.1304  0.5588  0.9133  0.4668  0.2752  0.3733 -0.6351  0.6909  0.2071]\n",
      " [-0.9117  0.9133 -0.1277 -0.1831 -0.197  -0.4926  0.8368  0.722  -0.8699]\n",
      " [-0.6641  0.4668 -0.1831  0.0558  0.2996  0.1095 -0.1364  0.1914  0.0801]\n",
      " [ 0.0488  0.2752 -0.197   0.2996 -0.2062  0.2499  0.6604 -0.8307 -0.7416]\n",
      " [ 0.0051  0.3733 -0.4926  0.1095  0.2499  0.791  -0.1664  0.1945  0.2291]\n",
      " [-0.0044 -0.6351  0.8368 -0.1364  0.6604 -0.1664  0.8093 -0.5091 -0.2727]\n",
      " [ 0.1443  0.6909  0.722   0.1914 -0.8307  0.1945 -0.5091  0.4652  0.5355]\n",
      " [ 0.0295  0.2071 -0.8699  0.0801 -0.7416  0.2291 -0.2727  0.5355 -0.9029]]\n",
      "I:\\Development\\Repositories\\biomodels\\celltypes\\runs\\multicell_manyruns\\Wvary_dualInit_gamma1.00_10k_periodic_fixedorderV3_p3_M100\\aggregate\\X_aggregate_last.npz\n",
      "(900,)\n",
      "52\n",
      "plotting cluster 3, example 1 (agg 52)\n",
      "[[ 0.6462  0.0423 -0.2631  0.617  -0.1312  0.8032 -0.251   0.859   0.9169]\n",
      " [ 0.0423  0.2731  0.7178  0.5728 -0.5079 -0.7542  0.0556  0.7824 -0.9913]\n",
      " [-0.2631  0.7178 -0.239  -0.2101  0.7233 -0.6851  0.389  -0.3593 -0.3005]\n",
      " [ 0.617   0.5728 -0.2101  0.0212 -0.96    0.5748 -0.1489  0.3801 -0.605 ]\n",
      " [-0.1312 -0.5079  0.7233 -0.96   -0.0983  0.3299  0.2772 -0.8823 -0.1248]\n",
      " [ 0.8032 -0.7542 -0.6851  0.5748  0.3299  0.4404  0.1886 -0.5964  0.8592]\n",
      " [-0.251   0.0556  0.389  -0.1489  0.2772  0.1886 -0.0914  0.4461 -0.4395]\n",
      " [ 0.859   0.7824 -0.3593  0.3801 -0.8823 -0.5964  0.4461  0.504  -0.1442]\n",
      " [ 0.9169 -0.9913 -0.3005 -0.605  -0.1248  0.8592 -0.4395 -0.1442 -0.0697]]\n",
      "I:\\Development\\Repositories\\biomodels\\celltypes\\runs\\multicell_manyruns\\Wvary_dualInit_gamma1.00_10k_periodic_fixedorderV3_p3_M100\\aggregate\\X_aggregate_last.npz\n",
      "(900,)\n",
      "27\n",
      "plotting cluster 4, example 0 (agg 27)\n",
      "[[-0.1486  0.3263 -0.6979  0.1978 -0.0142  0.8296  0.8478 -0.7567  0.3462]\n",
      " [ 0.3263  0.7736 -0.6601 -0.1695  0.189   0.4092 -0.0215  0.3516  0.7391]\n",
      " [-0.6979 -0.6601 -0.8377  0.0271 -0.8479 -0.226   0.1924  0.5095  0.1221]\n",
      " [ 0.1978 -0.1695  0.0271 -0.5587 -0.765   0.4114 -0.4714  0.8211 -0.0648]\n",
      " [-0.0142  0.189  -0.8479 -0.765   0.9329  0.8466  0.9834 -0.5166 -0.9698]\n",
      " [ 0.8296  0.4092 -0.226   0.4114  0.8466 -0.4237 -0.5792  0.9512 -0.2136]\n",
      " [ 0.8478 -0.0215  0.1924 -0.4714  0.9834 -0.5792  0.1667 -0.3925 -0.5793]\n",
      " [-0.7567  0.3516  0.5095  0.8211 -0.5166  0.9512 -0.3925  0.8012 -0.581 ]\n",
      " [ 0.3462  0.7391  0.1221 -0.0648 -0.9698 -0.2136 -0.5793 -0.581  -0.209 ]]\n",
      "I:\\Development\\Repositories\\biomodels\\celltypes\\runs\\multicell_manyruns\\Wvary_dualInit_gamma1.00_10k_periodic_fixedorderV3_p3_M100\\aggregate\\X_aggregate_last.npz\n",
      "(900,)\n",
      "130\n",
      "plotting cluster 4, example 1 (agg 130)\n",
      "[[-0.7167  0.5418  0.8955  0.7705  0.0533 -0.4099  0.2346 -0.6603  0.7579]\n",
      " [ 0.5418  0.4602  0.4122  0.6023 -0.7085  0.6064 -0.7236  0.2762  0.3429]\n",
      " [ 0.8955  0.4122  0.8633  0.4821 -0.9563 -0.7036  0.3795 -0.6769  0.0838]\n",
      " [ 0.7705  0.6023  0.4821 -0.5348 -0.2801 -0.679  -0.7834  0.1137  0.1385]\n",
      " [ 0.0533 -0.7085 -0.9563 -0.2801  0.6279 -0.8656  0.4132  0.0733  0.6718]\n",
      " [-0.4099  0.6064 -0.7036 -0.679  -0.8656  0.558   0.5704  0.4856  0.519 ]\n",
      " [ 0.2346 -0.7236  0.3795 -0.7834  0.4132  0.5704 -0.0735 -0.386   0.6541]\n",
      " [-0.6603  0.2762 -0.6769  0.1137  0.0733  0.4856 -0.386   0.9634  0.4656]\n",
      " [ 0.7579  0.3429  0.0838  0.1385  0.6718  0.519   0.6541  0.4656  0.7849]]\n",
      "I:\\Development\\Repositories\\biomodels\\celltypes\\runs\\multicell_manyruns\\Wvary_dualInit_gamma1.00_10k_periodic_fixedorderV3_p3_M100\\aggregate\\X_aggregate_last.npz\n",
      "(900,)\n"
     ]
    },
    {
     "name": "stdout",
     "output_type": "stream",
     "text": [
      "41\n",
      "plotting cluster 5, example 0 (agg 41)\n",
      "[[-0.4982 -0.1624  0.4906  0.1672  0.1644 -0.4347 -0.4348  0.6595 -0.2127]\n",
      " [-0.1624 -0.3355 -0.2036 -0.7999  0.7452  0.6526 -0.447  -0.9458  0.1565]\n",
      " [ 0.4906 -0.2036  0.2165  0.4827  0.5787  0.7487 -0.6874 -0.5181 -0.2438]\n",
      " [ 0.1672 -0.7999  0.4827 -0.8336 -0.5638 -0.7145  0.3276 -0.4673 -0.5926]\n",
      " [ 0.1644  0.7452  0.5787 -0.5638 -0.3068 -0.4399  0.8856 -0.2396 -0.2716]\n",
      " [-0.4347  0.6526  0.7487 -0.7145 -0.4399  0.0503  0.3626 -0.0415  0.406 ]\n",
      " [-0.4348 -0.447  -0.6874  0.3276  0.8856  0.3626  0.726  -0.3572  0.4745]\n",
      " [ 0.6595 -0.9458 -0.5181 -0.4673 -0.2396 -0.0415 -0.3572 -0.1259  0.3652]\n",
      " [-0.2127  0.1565 -0.2438 -0.5926 -0.2716  0.406   0.4745  0.3652 -0.7996]]\n",
      "I:\\Development\\Repositories\\biomodels\\celltypes\\runs\\multicell_manyruns\\Wvary_dualInit_gamma1.00_10k_periodic_fixedorderV3_p3_M100\\aggregate\\X_aggregate_last.npz\n",
      "(900,)\n",
      "84\n",
      "plotting cluster 5, example 1 (agg 84)\n",
      "[[-0.9079 -0.738   0.8811 -0.5808 -0.6778 -0.7594 -0.0969  0.6647 -0.5454]\n",
      " [-0.738  -0.4191 -0.7883  0.9569 -0.0033 -0.9133  0.1052 -0.2978 -0.9945]\n",
      " [ 0.8811 -0.7883  0.2264 -0.7232 -0.3379 -0.6843  0.8696 -0.6209 -0.3021]\n",
      " [-0.5808  0.9569 -0.7232  0.1064 -0.6103 -0.134  -0.4712 -0.9654 -0.1204]\n",
      " [-0.6778 -0.0033 -0.3379 -0.6103 -0.7073 -0.2456 -0.9646  0.9614 -0.6369]\n",
      " [-0.7594 -0.9133 -0.6843 -0.134  -0.2456 -0.8796  0.3968  0.622   0.0157]\n",
      " [-0.0969  0.1052  0.8696 -0.4712 -0.9646  0.3968  0.6147  0.9216 -0.4344]\n",
      " [ 0.6647 -0.2978 -0.6209 -0.9654  0.9614  0.622   0.9216 -0.9745  0.9041]\n",
      " [-0.5454 -0.9945 -0.3021 -0.1204 -0.6369  0.0157 -0.4344  0.9041 -0.0503]]\n",
      "I:\\Development\\Repositories\\biomodels\\celltypes\\runs\\multicell_manyruns\\Wvary_dualInit_gamma1.00_10k_periodic_fixedorderV3_p3_M100\\aggregate\\X_aggregate_last.npz\n",
      "(900,)\n",
      "35\n",
      "plotting cluster 6, example 0 (agg 35)\n",
      "[[-0.0839  0.3579  0.5002  0.7494  0.9573 -0.3138  0.3062  0.9022  0.147 ]\n",
      " [ 0.3579  0.5934 -0.5552  0.0672  0.2383  0.2636  0.3577 -0.7261 -0.7728]\n",
      " [ 0.5002 -0.5552 -0.7042 -0.8312  0.7398  0.6631 -0.3767  0.8984  0.7192]\n",
      " [ 0.7494  0.0672 -0.8312  0.6487 -0.5022 -0.2892 -0.7597 -0.769  -0.9938]\n",
      " [ 0.9573  0.2383  0.7398 -0.5022  0.2861 -0.5292 -0.6902  0.9805  0.069 ]\n",
      " [-0.3138  0.2636  0.6631 -0.2892 -0.5292  0.6041  0.5322 -0.1197 -0.0889]\n",
      " [ 0.3062  0.3577 -0.3767 -0.7597 -0.6902  0.5322  0.025  -0.7157 -0.0841]\n",
      " [ 0.9022 -0.7261  0.8984 -0.769   0.9805 -0.1197 -0.7157  0.3456  0.4086]\n",
      " [ 0.147  -0.7728  0.7192 -0.9938  0.069  -0.0889 -0.0841  0.4086 -0.9188]]\n",
      "I:\\Development\\Repositories\\biomodels\\celltypes\\runs\\multicell_manyruns\\Wvary_dualInit_gamma1.00_10k_periodic_fixedorderV3_p3_M100\\aggregate\\X_aggregate_last.npz\n",
      "(900,)\n",
      "98\n",
      "plotting cluster 6, example 1 (agg 98)\n",
      "[[ 0.4645 -0.8349  0.9199  0.7738 -0.6658 -0.9646  0.4567 -0.2878 -0.2635]\n",
      " [-0.8349 -0.2696 -0.122   0.7167 -0.0615 -0.123  -0.9325 -0.0224 -0.3606]\n",
      " [ 0.9199 -0.122   0.373   0.3005  0.0409 -0.6688 -0.4416 -0.2574 -0.9795]\n",
      " [ 0.7738  0.7167  0.3005  0.6344  0.601  -0.594  -0.6182  0.3253  0.3811]\n",
      " [-0.6658 -0.0615  0.0409  0.601   0.9694 -0.9891 -0.8114 -0.0967 -0.6544]\n",
      " [-0.9646 -0.123  -0.6688 -0.594  -0.9891  0.6728 -0.2804 -0.129   0.146 ]\n",
      " [ 0.4567 -0.9325 -0.4416 -0.6182 -0.8114 -0.2804 -0.4896 -0.4048  0.4613]\n",
      " [-0.2878 -0.0224 -0.2574  0.3253 -0.0967 -0.129  -0.4048 -0.3442 -0.7021]\n",
      " [-0.2635 -0.3606 -0.9795  0.3811 -0.6544  0.146   0.4613 -0.7021  0.6052]]\n",
      "I:\\Development\\Repositories\\biomodels\\celltypes\\runs\\multicell_manyruns\\Wvary_dualInit_gamma1.00_10k_periodic_fixedorderV3_p3_M100\\aggregate\\X_aggregate_last.npz\n",
      "(900,)\n",
      "88\n",
      "plotting cluster 7, example 0 (agg 88)\n",
      "[[ 0.2951 -0.0863  0.1629  0.9326  0.9573 -0.9214 -0.2326 -0.6681  0.9519]\n",
      " [-0.0863  0.8575 -0.7726  0.8099 -0.3419  0.0958  0.4751 -0.926   0.5295]\n",
      " [ 0.1629 -0.7726  0.5358  0.7313  0.1911 -0.8196 -0.4899  0.4017 -0.1949]\n",
      " [ 0.9326  0.8099  0.7313 -0.9357  0.0717  0.6361 -0.4892  0.9933 -0.164 ]\n",
      " [ 0.9573 -0.3419  0.1911  0.0717 -0.0778  0.3671 -0.5221 -0.7779  0.29  ]\n",
      " [-0.9214  0.0958 -0.8196  0.6361  0.3671  0.8717 -0.787   0.4491 -0.9286]\n",
      " [-0.2326  0.4751 -0.4899 -0.4892 -0.5221 -0.787  -0.6354 -0.3252 -0.7306]\n",
      " [-0.6681 -0.926   0.4017  0.9933 -0.7779  0.4491 -0.3252 -0.6463  0.2695]\n",
      " [ 0.9519  0.5295 -0.1949 -0.164   0.29   -0.9286 -0.7306  0.2695  0.8611]]\n",
      "I:\\Development\\Repositories\\biomodels\\celltypes\\runs\\multicell_manyruns\\Wvary_dualInit_gamma1.00_10k_periodic_fixedorderV3_p3_M100\\aggregate\\X_aggregate_last.npz\n",
      "(900,)\n",
      "117\n",
      "plotting cluster 7, example 1 (agg 117)\n",
      "[[-0.0972 -0.7185 -0.4365  0.6586 -0.7966 -0.132  -0.6249  0.3836  0.4577]\n",
      " [-0.7185  0.3517  0.1675  0.5738 -0.9348  0.3879  0.2217  0.51   -0.7091]\n",
      " [-0.4365  0.1675 -0.9452  0.4608  0.5053  0.6303  0.5385  0.5943  0.6759]\n",
      " [ 0.6586  0.5738  0.4608  0.9668 -0.2714  0.7024 -0.573   0.5094 -0.0234]\n",
      " [-0.7966 -0.9348  0.5053 -0.2714 -0.8819 -0.6435  0.9666 -0.0212  0.9547]\n",
      " [-0.132   0.3879  0.6303  0.7024 -0.6435  0.3931  0.4304  0.5618 -0.1742]\n",
      " [-0.6249  0.2217  0.5385 -0.573   0.9666  0.4304  0.1125 -0.1686  0.6293]\n",
      " [ 0.3836  0.51    0.5943  0.5094 -0.0212  0.5618 -0.1686  0.2117 -0.7953]\n",
      " [ 0.4577 -0.7091  0.6759 -0.0234  0.9547 -0.1742  0.6293 -0.7953  0.8409]]\n",
      "I:\\Development\\Repositories\\biomodels\\celltypes\\runs\\multicell_manyruns\\Wvary_dualInit_gamma1.00_10k_periodic_fixedorderV3_p3_M100\\aggregate\\X_aggregate_last.npz\n",
      "(900,)\n",
      "43\n",
      "plotting cluster 8, example 0 (agg 43)\n",
      "[[-0.7699  0.4675 -0.8467  0.7942  0.8203 -0.4489  0.454  -0.4193  0.4955]\n",
      " [ 0.4675 -0.2101  0.6864 -0.404   0.0505  0.7935 -0.2016  0.3119  0.4403]\n",
      " [-0.8467  0.6864  0.6979 -0.4754 -0.792  -0.5862  0.3403 -0.4008  0.3905]\n",
      " [ 0.7942 -0.404  -0.4754 -0.9897 -0.6382 -0.1912  0.4094 -0.711  -0.7945]\n",
      " [ 0.8203  0.0505 -0.792  -0.6382  0.9061  0.9871  0.2191 -0.1921  0.8873]\n",
      " [-0.4489  0.7935 -0.5862 -0.1912  0.9871  0.4715  0.0801 -0.3795  0.0067]\n",
      " [ 0.454  -0.2016  0.3403  0.4094  0.2191  0.0801 -0.5878 -0.5132  0.7993]\n",
      " [-0.4193  0.3119 -0.4008 -0.711  -0.1921 -0.3795 -0.5132  0.1762 -0.6028]\n",
      " [ 0.4955  0.4403  0.3905 -0.7945  0.8873  0.0067  0.7993 -0.6028  0.1889]]\n",
      "I:\\Development\\Repositories\\biomodels\\celltypes\\runs\\multicell_manyruns\\Wvary_dualInit_gamma1.00_10k_periodic_fixedorderV3_p3_M100\\aggregate\\X_aggregate_last.npz\n",
      "(900,)\n",
      "155\n",
      "plotting cluster 8, example 1 (agg 155)\n",
      "[[ 0.3047  0.7171 -0.1622 -0.6711 -0.6558 -0.7683 -0.9298 -0.1414  0.9509]\n",
      " [ 0.7171 -0.1804  0.364  -0.3581 -0.8062  0.4335  0.139  -0.9684 -0.2343]\n",
      " [-0.1622  0.364  -0.9585 -0.2007 -0.0267 -0.893  -0.9792 -0.3587  0.0749]\n",
      " [-0.6711 -0.3581 -0.2007  0.3432 -0.7895 -0.519   0.2326  0.5734  0.8698]\n",
      " [-0.6558 -0.8062 -0.0267 -0.7895  0.3477 -0.0467  0.2476 -0.1278  0.5656]\n",
      " [-0.7683  0.4335 -0.893  -0.519  -0.0467 -0.4466  0.3331 -0.2574  0.708 ]\n",
      " [-0.9298  0.139  -0.9792  0.2326  0.2476  0.3331 -0.449  -0.5474  0.8763]\n",
      " [-0.1414 -0.9684 -0.3587  0.5734 -0.1278 -0.2574 -0.5474 -0.5115 -0.5102]\n",
      " [ 0.9509 -0.2343  0.0749  0.8698  0.5656  0.708   0.8763 -0.5102 -0.1012]]\n",
      "I:\\Development\\Repositories\\biomodels\\celltypes\\runs\\multicell_manyruns\\Wvary_dualInit_gamma1.00_10k_periodic_fixedorderV3_p3_M100\\aggregate\\X_aggregate_last.npz\n",
      "(900,)\n",
      "20\n",
      "plotting cluster 9, example 0 (agg 20)\n",
      "[[ 0.1763 -0.6123 -0.5216  0.679  -0.3416  0.1645  0.5721  0.2409  0.7825]\n",
      " [-0.6123 -0.4554 -0.4904 -0.0779  0.0213 -0.6767  0.1846  0.5556  0.7572]\n",
      " [-0.5216 -0.4904  0.7153 -0.0041 -0.4727  0.1963  0.329  -0.0812 -0.3105]\n",
      " [ 0.679  -0.0779 -0.0041  0.3588 -0.379   0.6516  0.2931 -0.2404  0.4062]\n",
      " [-0.3416  0.0213 -0.4727 -0.379   0.2537 -0.6872 -0.1487 -0.4162  0.0547]\n",
      " [ 0.1645 -0.6767  0.1963  0.6516 -0.6872  0.4686  0.0271  0.1145  0.3186]\n",
      " [ 0.5721  0.1846  0.329   0.2931 -0.1487  0.0271  0.0025 -0.8317 -0.4634]\n",
      " [ 0.2409  0.5556 -0.0812 -0.2404 -0.4162  0.1145 -0.8317  0.2626  0.2155]\n",
      " [ 0.7825  0.7572 -0.3105  0.4062  0.0547  0.3186 -0.4634  0.2155 -0.9037]]\n",
      "I:\\Development\\Repositories\\biomodels\\celltypes\\runs\\multicell_manyruns\\Wvary_dualInit_gamma1.00_10k_periodic_fixedorderV3_p3_M100\\aggregate\\X_aggregate_last.npz\n",
      "(900,)\n",
      "26\n",
      "plotting cluster 9, example 1 (agg 26)\n",
      "[[-0.3841 -0.6101  0.1363 -0.4099 -0.446   0.8439  0.9058  0.2655  0.5649]\n",
      " [-0.6101 -0.6405 -0.029   0.2003 -0.7471  0.9373  0.5812  0.9038 -0.9224]\n",
      " [ 0.1363 -0.029   0.3074  0.5013  0.1398 -0.8981 -0.6268  0.0527  0.9708]\n",
      " [-0.4099  0.2003  0.5013  0.2827 -0.1819  0.7671  0.0241 -0.3264 -0.2959]\n",
      " [-0.446  -0.7471  0.1398 -0.1819  0.1208  0.5399 -0.8371  0.0166 -0.4443]\n",
      " [ 0.8439  0.9373 -0.8981  0.7671  0.5399 -0.5208  0.0465  0.9809 -0.3725]\n",
      " [ 0.9058  0.5812 -0.6268  0.0241 -0.8371  0.0465 -0.7323  0.2665  0.2803]\n",
      " [ 0.2655  0.9038  0.0527 -0.3264  0.0166  0.9809  0.2665 -0.2706 -0.0262]\n",
      " [ 0.5649 -0.9224  0.9708 -0.2959 -0.4443 -0.3725  0.2803 -0.0262 -0.4571]]\n",
      "I:\\Development\\Repositories\\biomodels\\celltypes\\runs\\multicell_manyruns\\Wvary_dualInit_gamma1.00_10k_periodic_fixedorderV3_p3_M100\\aggregate\\X_aggregate_last.npz\n",
      "(900,)\n"
     ]
    },
    {
     "name": "stdout",
     "output_type": "stream",
     "text": [
      "65\n",
      "plotting cluster 10, example 0 (agg 65)\n",
      "[[-0.5627 -0.5284 -0.7986 -0.1079 -0.8992 -0.8143 -0.9003 -0.2916 -0.678 ]\n",
      " [-0.5284 -0.5399  0.8552 -0.6406  0.1033  0.7412  0.4404 -0.4292 -0.8087]\n",
      " [-0.7986  0.8552 -0.5595  0.9701  0.6137 -0.3364  0.7695 -0.4427  0.2515]\n",
      " [-0.1079 -0.6406  0.9701  0.3265 -0.2467  0.8712 -0.9386  0.7895 -0.7451]\n",
      " [-0.8992  0.1033  0.6137 -0.2467  0.8626  0.2811  0.6235  0.347   0.8801]\n",
      " [-0.8143  0.7412 -0.3364  0.8712  0.2811 -0.875  -0.7842 -0.3642 -0.066 ]\n",
      " [-0.9003  0.4404  0.7695 -0.9386  0.6235 -0.7842  0.9053 -0.7136  0.8626]\n",
      " [-0.2916 -0.4292 -0.4427  0.7895  0.347  -0.3642 -0.7136 -0.9158  0.0669]\n",
      " [-0.678  -0.8087  0.2515 -0.7451  0.8801 -0.066   0.8626  0.0669  0.2033]]\n",
      "I:\\Development\\Repositories\\biomodels\\celltypes\\runs\\multicell_manyruns\\Wvary_dualInit_gamma1.00_10k_periodic_fixedorderV3_p3_M100\\aggregate\\X_aggregate_last.npz\n",
      "(900,)\n",
      "91\n",
      "plotting cluster 10, example 1 (agg 91)\n",
      "[[-0.598   0.2548  0.1643  0.3035 -0.0685 -0.4242  0.2316  0.3483 -0.0611]\n",
      " [ 0.2548  0.9846  0.3384 -0.9837 -0.5107  0.3469 -0.0592 -0.8262  0.6614]\n",
      " [ 0.1643  0.3384 -0.9813 -0.864   0.8231 -0.6489  0.9018  0.6807 -0.2111]\n",
      " [ 0.3035 -0.9837 -0.864   0.4939 -0.7847  0.3439 -0.2842  0.8242  0.6235]\n",
      " [-0.0685 -0.5107  0.8231 -0.7847 -0.0365 -0.407   0.9619 -0.0178 -0.1135]\n",
      " [-0.4242  0.3469 -0.6489  0.3439 -0.407   0.0199  0.6282  0.0813  0.0786]\n",
      " [ 0.2316 -0.0592  0.9018 -0.2842  0.9619  0.6282  0.7497  0.2599  0.2422]\n",
      " [ 0.3483 -0.8262  0.6807  0.8242 -0.0178  0.0813  0.2599 -0.5373 -0.5706]\n",
      " [-0.0611  0.6614 -0.2111  0.6235 -0.1135  0.0786  0.2422 -0.5706  0.9231]]\n",
      "I:\\Development\\Repositories\\biomodels\\celltypes\\runs\\multicell_manyruns\\Wvary_dualInit_gamma1.00_10k_periodic_fixedorderV3_p3_M100\\aggregate\\X_aggregate_last.npz\n",
      "(900,)\n",
      "8\n",
      "plotting cluster 11, example 0 (agg 8)\n",
      "[[ 0.7469 -0.0432 -0.3325  0.7923 -0.135   0.5803  0.0723 -0.0582 -0.3872]\n",
      " [-0.0432  0.1107 -0.5624 -0.3091 -0.4597  0.9772 -0.7992 -0.9823 -0.1912]\n",
      " [-0.3325 -0.5624 -0.8684  0.9695  0.6021  0.1679  0.4623 -0.8642  0.6456]\n",
      " [ 0.7923 -0.3091  0.9695 -0.9425  0.2765 -0.9222  0.8793 -0.1304  0.1743]\n",
      " [-0.135  -0.4597  0.6021  0.2765 -0.8626 -0.1072  0.8866 -0.137   0.413 ]\n",
      " [ 0.5803  0.9772  0.1679 -0.9222 -0.1072 -0.6237 -0.2505 -0.6282  0.0212]\n",
      " [ 0.0723 -0.7992  0.4623  0.8793  0.8866 -0.2505  0.1915  0.0594  0.6601]\n",
      " [-0.0582 -0.9823 -0.8642 -0.1304 -0.137  -0.6282  0.0594  0.1982  0.4414]\n",
      " [-0.3872 -0.1912  0.6456  0.1743  0.413   0.0212  0.6601  0.4414  0.7325]]\n",
      "I:\\Development\\Repositories\\biomodels\\celltypes\\runs\\multicell_manyruns\\Wvary_dualInit_gamma1.00_10k_periodic_fixedorderV3_p3_M100\\aggregate\\X_aggregate_last.npz\n",
      "(900,)\n",
      "71\n",
      "plotting cluster 11, example 1 (agg 71)\n",
      "[[-0.6288 -0.5325  0.5766 -0.3518 -0.5275  0.0595  0.7144 -0.7051  0.8811]\n",
      " [-0.5325 -0.3552 -0.1318 -0.3243 -0.6302 -0.1613  0.101  -0.1012 -0.5274]\n",
      " [ 0.5766 -0.1318 -0.4907  0.2542 -0.7256  0.1297 -0.8414  0.9433  0.7194]\n",
      " [-0.3518 -0.3243  0.2542 -0.849  -0.0338  0.5434  0.0769  0.9292  0.315 ]\n",
      " [-0.5275 -0.6302 -0.7256 -0.0338  0.4614 -0.1295 -0.4937 -0.7545 -0.2858]\n",
      " [ 0.0595 -0.1613  0.1297  0.5434 -0.1295  0.4232  0.9512 -0.2701 -0.6154]\n",
      " [ 0.7144  0.101  -0.8414  0.0769 -0.4937  0.9512 -0.4668 -0.7699 -0.4528]\n",
      " [-0.7051 -0.1012  0.9433  0.9292 -0.7545 -0.2701 -0.7699  0.7845  0.6704]\n",
      " [ 0.8811 -0.5274  0.7194  0.315  -0.2858 -0.6154 -0.4528  0.6704  0.9646]]\n",
      "I:\\Development\\Repositories\\biomodels\\celltypes\\runs\\multicell_manyruns\\Wvary_dualInit_gamma1.00_10k_periodic_fixedorderV3_p3_M100\\aggregate\\X_aggregate_last.npz\n",
      "(900,)\n",
      "7\n",
      "plotting cluster 12, example 0 (agg 7)\n",
      "[[-8.474e-01 -2.000e-04  8.624e-01  5.008e-01  5.373e-01  4.386e-01\n",
      "  -1.702e-01 -3.823e-01 -3.825e-01]\n",
      " [-2.000e-04  3.585e-01 -9.502e-01  3.380e-01 -3.720e-01 -1.740e-01\n",
      "  -9.971e-01  1.852e-01 -7.400e-02]\n",
      " [ 8.624e-01 -9.502e-01  2.011e-01 -6.450e-02  1.453e-01  8.128e-01\n",
      "  -8.155e-01 -5.298e-01  4.837e-01]\n",
      " [ 5.008e-01  3.380e-01 -6.450e-02 -5.903e-01 -4.479e-01 -6.391e-01\n",
      "   4.188e-01  9.299e-01 -2.830e-02]\n",
      " [ 5.373e-01 -3.720e-01  1.453e-01 -4.479e-01 -9.430e-02  4.822e-01\n",
      "   4.870e-02  8.901e-01 -7.262e-01]\n",
      " [ 4.386e-01 -1.740e-01  8.128e-01 -6.391e-01  4.822e-01 -1.553e-01\n",
      "   3.923e-01  6.968e-01 -3.129e-01]\n",
      " [-1.702e-01 -9.971e-01 -8.155e-01  4.188e-01  4.870e-02  3.923e-01\n",
      "   9.109e-01 -5.540e-02 -3.511e-01]\n",
      " [-3.823e-01  1.852e-01 -5.298e-01  9.299e-01  8.901e-01  6.968e-01\n",
      "  -5.540e-02  6.830e-01 -3.992e-01]\n",
      " [-3.825e-01 -7.400e-02  4.837e-01 -2.830e-02 -7.262e-01 -3.129e-01\n",
      "  -3.511e-01 -3.992e-01 -6.690e-01]]\n",
      "I:\\Development\\Repositories\\biomodels\\celltypes\\runs\\multicell_manyruns\\Wvary_dualInit_gamma1.00_10k_periodic_fixedorderV3_p3_M100\\aggregate\\X_aggregate_last.npz\n",
      "(900,)\n",
      "11\n",
      "plotting cluster 12, example 1 (agg 11)\n",
      "[[-0.6395  0.7016 -0.3673  0.1991  0.9733 -0.4195  0.4657 -0.2831  0.8997]\n",
      " [ 0.7016  0.4599 -0.6842 -0.8887 -0.3239  0.5802 -0.8742  0.6131 -0.3313]\n",
      " [-0.3673 -0.6842  0.518  -0.0404 -0.5203  0.8108 -0.9585  0.529   0.2233]\n",
      " [ 0.1991 -0.8887 -0.0404 -0.1966  0.5929  0.5852  0.5411  0.3052 -0.2687]\n",
      " [ 0.9733 -0.3239 -0.5203  0.5929 -0.8726  0.1236 -0.4001  0.6219 -0.0769]\n",
      " [-0.4195  0.5802  0.8108  0.5852  0.1236  0.232   0.4023  0.2844 -0.85  ]\n",
      " [ 0.4657 -0.8742 -0.9585  0.5411 -0.4001  0.4023  0.4693  0.9149 -0.9613]\n",
      " [-0.2831  0.6131  0.529   0.3052  0.6219  0.2844  0.9149 -0.3323  0.5193]\n",
      " [ 0.8997 -0.3313  0.2233 -0.2687 -0.0769 -0.85   -0.9613  0.5193 -0.0945]]\n",
      "I:\\Development\\Repositories\\biomodels\\celltypes\\runs\\multicell_manyruns\\Wvary_dualInit_gamma1.00_10k_periodic_fixedorderV3_p3_M100\\aggregate\\X_aggregate_last.npz\n",
      "(900,)\n",
      "37\n",
      "plotting cluster 13, example 0 (agg 37)\n",
      "[[ 0.889   0.5068  0.4099 -0.0432  0.2805  0.7531  0.9541  0.7261  0.6806]\n",
      " [ 0.5068  0.5854  0.8585 -0.6421 -0.9617  0.5041  0.1613 -0.3279  0.8511]\n",
      " [ 0.4099  0.8585 -0.8975  0.8051  0.6121 -0.07    0.9507  0.3815  0.1683]\n",
      " [-0.0432 -0.6421  0.8051  0.5272 -0.1902  0.4078  0.1746 -0.1628 -0.1835]\n",
      " [ 0.2805 -0.9617  0.6121 -0.1902 -0.9928 -0.9226 -0.3373 -0.5907  0.9398]\n",
      " [ 0.7531  0.5041 -0.07    0.4078 -0.9226  0.3594 -0.0495 -0.9207 -0.8573]\n",
      " [ 0.9541  0.1613  0.9507  0.1746 -0.3373 -0.0495 -0.1137  0.195   0.3747]\n",
      " [ 0.7261 -0.3279  0.3815 -0.1628 -0.5907 -0.9207  0.195   0.88   -0.058 ]\n",
      " [ 0.6806  0.8511  0.1683 -0.1835  0.9398 -0.8573  0.3747 -0.058   0.5626]]\n",
      "I:\\Development\\Repositories\\biomodels\\celltypes\\runs\\multicell_manyruns\\Wvary_dualInit_gamma1.00_10k_periodic_fixedorderV3_p3_M100\\aggregate\\X_aggregate_last.npz\n",
      "(900,)\n",
      "61\n",
      "plotting cluster 13, example 1 (agg 61)\n",
      "[[ 0.6489 -0.3181 -0.9444  0.0564 -0.3309 -0.4788 -0.0306 -0.753   0.3184]\n",
      " [-0.3181 -0.7185  0.4401 -0.4171 -0.1043  0.4522 -0.3465  0.3341 -0.3145]\n",
